
000000000000000000000000000000000000000000000000000000000000
000000000000000000000000000000000000000000000000000000000000
000000000000000000000000000000000000000000000000000000000000
000000000000000000000000000000000000000000000000000000000000
000000000000000000000000000000000000000000000000000000000000
000000000000000000000000000000000000000000000000000000000000
000000000000000000000000001223000000000000000000000000000000
0000000000000000000000001211111111300000000000000000000000000000
000000000000000000000000785111111600000000000000000000000000000
0000000000000000000000000078851130000000000000000000000000000
000000000000000000000000000007560000000000000000000000000000
000000000000000000000000000000753000000000000000000000000000
00000000000000000130000000000004112230000000112000000000000000
000000000000000011111300000000000411111111230000009000000000000000
00000000000000011111116000000000004111111111160000000000000000000000
000000000000000411111111230000000007511111111113000000000000000000000
000000000000000788851111222300000078511111111300000000000000000000
00000000000000000007511111111113000000075111111600000000000000000000
00000000000000000000411111111116000000007511111130000000000000000000
000000000000000000004111111111111300000000751111113000000000000000000
0000000000030000000111111111111111600000000075111111300000000000000000
0000000000160000000411588511111123000000007511111130000000000000000
0000000000490000012115900751111116000000000751111112222230000000000
00000000007000000411590000411111111230000000041111111111111111113000000000
000000000000000121159000004111111111160000000078511111158888900000000
000000000000000411590000011158851111230000000041111590000000000000
00000000000000111116000001115900751111600000000755900000000000000
000000000000007511600001111160000411111130000000046000000000000000
000000000000000411113001111111600004111111113000000046000000000000000
0000000000000007851122111111111130011111111111113000001116000000000000000
000000000000000007511111111111111112211111158511113000111116000000000000000
0000000000100000007511115851111111111111160411111122211111111300000000000000
0000000000423000000411116078511111111111121111111111585111111600000000000000
00000000007560000004589000751111111111111111588907855900000000000000
000000000007523000111600000075111111111158900000049000000000000000
000000000000751123045900000004111158890000000070000000000000000
000000000000075111125900000000411590000000000000000000000000000
000000000000004111159000000001115900000000000000300000000000000
00000000000000411590000000004116000000000000012600000000000000
000000000000004116000000001258900000000000004111130000000000000
0000000000000041160000005288900000000000000075590000000000000
0000000000000075113000055000000000005500000007900000000000000
000000000000000756012250000000000000000000000000000000000000
0000000000000000782115900000000000000000000000000000000000000
000000000000000000789000000000000000000000000000000000000000
000000000000000000000000000123000000000000000000000000000000
00000000000000000000000000111115300000000000000000000000000000
000000000000000000000000007889000000000000000000000000000000
000000000000000000000000000000000000000000000000000000000000
000000000000000000000000000000000000000000000000000000000000
000000000000000000000000000000000000000000000000000000000000