
000000000000000000000000000000000000000000000000000000000000
000000000000000000000000000000000000000000000000000000000000
000000000000000000000000000000000000000000000000000000000000
000000000000000000000000000000000000000000000000000000000000
000000000000000000000000000000000000000000000000000000000000
000000000000000000000000000000000000000000000000000000000000
000000000000000000000000000000000000000000000000000000000000
000000000000000000000000122500000000000000000000000000000000
0000000000000000000000121160000000012223000000000000000000000
00000000000000000000004589000000000751111230000000000000000000
00000000000000000000011160000000000004111111113000000000000000000
000000000000000000000459000000000000411111159000000000000000000
000000000000000000000460000000000001111111590000000000000000000
0000000000000000000121160000000001221111115900000000000000000000
0000000000000000001111111600000000151111111159000000000000000000000
0000000000000000121111111160000000004111111590000000000000000000000
000000000000000788885116000500000751111600000000000000000000000
0000000000000000000075600000000004115900000000000000000000000
000000000000000000000460000000000759000000000000000000000000
000000000000000000000460000000000070000001000000000000000000
0000000000010000000011160000000000000000015300000000000000000
000000000011130000001111160000000000000000007900000000000000000
00000000004111130000111111160000000000000000000000000130000000000
00000000015111111300111111111600000001230000000005000015113000000000
0000000000411111111221111111111112300012111160000000000000004116000000000
000000000075111111111111111111111111112221111111111300000000123000788900000000
0000000000075111111588851111111158888511116000000000411300000000000000
000000000000751111600041111589000075111130000000078523000000000000
00000000000007511113011111116000000041111113000000000790000000000000
00000000000000751111211115890000000411111111300000000000000000000000
000000000000000751111111160000000004111111111130000000000000000000000
0000000000000000751111116000000000785111111113000000000000000000000
0000000000000000075111160000000000075111159000000000000000000000
000000000000000000751111300030000000751160000000000000000000000
00000000000010000007511112226000000007890000000000000000000000
000000000000423000007851111116000000000000000000000000000000000
000000000000751130000007511116000000000000000000000000000000000
000000000000075113000000411116000000000000000130000000000000000
000000000000007511300000411111130000000000001211112300000000000000
00000000000000075113000041111111123000000000588511111130000000000000
00000000000000007511222211111111111111222222222500785590000000000000
000000000000000007885111111588885111111111111589000007900000000000000
000000000000000000007511590000751111588900000000000000000000000
0000000000000000000004590000004115900000000000000000000000000
0000000000000000000004900000004116000000000000000000000000000
0000000000000000000007000000004116000000000000000000000000000
000000000000000000000000000001111111300000000000000000000000000
0000000000000000000000000000041111111130000000000000000000000000
000000000000000000000000000007588890000000000000000000000000
000000000000000000000000000000700000000000000000000000000000
000000000000000000000000000000000000000000000000000000000000