
000000000000000000000000000000000000000000000000000000000000
000000000000000000000000000000000000000000000000000000000000
000000000000000000000000000000000000000000000000000000000000
000000000000000000000000000000000000000000000000000000000000
000000000000000000000000000000000000000000000000000000000000
000000000000000000000000000000000000000000000000000000000000
000000000000000000000000000001230000000000000000000000000000
00000000000000000000000000001111153000000000000000000000000000
000000000000000000000000000111111160000000000000000000000000000
00000000000000000000000000075111160000000000000000000000000000
00000000000000000000000000004111160000000001000000000000000000
00000000000000000000000000007511600000000111300000000000000000
000000000000000000000000000007560000000111111130000000000000000
00000000000000000013000000000041130000004111111113000000000000000
00000000000000000111530000000004111130101211111111581200000000000000
00000000000000001111160000000000751111211211111111111160900000000000000
00000000000000004115900000000000785111111111111115890000000000000000
0000000000000001111160000001000000078511111111116000000000000000000
000000000000000411590000121123000000075111111116000000000000000000
000000000000012111160000041111111130000000751111116000000000000000000
00000000000011111115900000751111116000000007511116000000000000000000
000000000012111111590000000751111600000000075116000000000000000000
0000000000411111111600000000041111600000000007511300000000000000000
00000000011111111111530000000041111600000000000751130001230000000000
0000000004111111111160000000011111590000000000007852221111113000000000
00000000078885111130000001111159000000000000000785111111115300000000
000000000000075116000001111111600000000100000000075111159000000000
000000000000007511300004111111600000001113000000000411590000000000
0000000000000007560000411111160000000756000000000411600000000000
000000000000000079000075111111300000004113000000011111600000000000
00000000001000000000000075111111300000041160000001111111600000000000
000000000040000000000000751111112300004111130000111111111600000000000
0000000000590000000000000411111111113001111111112222111111115900000000000
000000000000000000000000041111585112211111111111111111111111159000000000000
00000000000000000000000011158904111111111111115888888890000000000000
000000000000000000000001115900075111111111159000000000000000000000
00000000000001222301012115900000411111111590000000000000000000000
000000000000007511112112111111600000041111115900000000000000000000000
00000000000000041111111111111111600000041111116000000000000000000000000
0000000000000007511111111111111600000041111116000000000000000000000000
00000000000000007885111111115300000411111111300000001230000000000000
00000000000000000004111111116000000458511600000007900000000000000
000000000000000000075111159000001116078530000000000000000000000
000000000000000000007559000000459000460000000000000000000000
0000000000000000000007900000004600011160000000000000000000000
000000000000000000000000000001111130041160000000000000000000000
00000000000000000000000000001111111112211590000000000000000000000
00000000000000000000000000004111111111158900000000000000000000000
000000000000000000000000000078888890000000000000000000000000
000000000000000000000000000000000000000000000000000000000000
000000000000000000000000000000000000000000000000000000000000