
000000000000000000000000000000000000000000000000000000000000
000000000000000000000000000000000000000000000000000000000000
000000000000000000000000000000000000000000000000000000000000
000000000000000000000000000000000000000000000000000000000000
000000000000000000000000000000000000000000000000000000000000
000000000000000000000000000000000000000000000000000000000000
000000000000000000000000000005000000000000000000000000000000
000000000000000000000000000000000000000000000000000000000000
000000000000000000000010000000000000000000000000000000000000
0000000000000000000012113000000000000000000000000000000000000
00000000000000000001111159000000000000000000000000000000000000
00000000000000000011111590000000000000000003000000000000000000
00000000000000000111115900000000000000000126000000000000000000
000000000000000011111590000000000130000011159000000000000000000
0000000000000000458900000000012590000111590000000000000000000
00000000000000078900000001222589000011111600000000000000000000
0000000000000000000000012111158900000041111600000000000000000000
000000000000000000000004115890000000151111600000000000000000000
0000000000000000000000111116000000000041111600000000000000000000
00000000000000000000004589000000000075111130000000000000000000
0000000000010000000001116000000000000041111113000000000000000000
00000000001113000000004111130000000000007851111300000000000000000
0000000000411113000000111111160000000000000075111122223000000000000
00000000015111111222222111111111130000000000000078858888230000000000
000000000041111111111111111111111111111600000000000000000700007812000000000
000000000111111111111111111111111111111160000000123000000000000009000000000
000000000411111111115888851111111160000012111111300000000000000000000000
000000000411111111590000751111116000011111111111600000000000000000000000
0000000004111158900000041111111130011111111158900000000000000000000000
00000000075890000000041111111111225888890000000012222300000000000
00000000007000000000041111111111589000000000000111111111111130000000000
000000000000000000001115888890000000000000041111588890000000000
000000000000000000004590000000000000000000458900000000000000
0000000000000000000111600000000000000000000460000000000000000
0000000000000000001115900000000000000000000460000000000000000
00000000000000101211116000000000000100000000460000000000000000
000000000000011121111115900000000001211300000011160000000000000000
00000000000015111111115900000000001111159000000411113000000000000000
00000000000004111158900000122222111111600000015111111300000000000000
00000000000007889000000111111111111111115900000007511111130000000000000
00000000000000000000001111111111111111159000000000785590000000000000
0000000000000000000001111158585111160000000000007900000000000000
00000000000000000000111589070751153000000000000000000000000000
0000000000000000000158900000041160000000000000000000000000000
000000000000000000079000000011111113000000000000000000000000000
00000000000000000000000000004111159000000000000000000000000000
00000000000000000000000000121111590000000000000000000000000000
000000000000000000000000000788900000000000000000000000000000
000000000000000000000000000000000000000000000000000000000000
000000000000000000000000000000000000000000000000000000000000
000000000000000000000000000000000000000000000000000000000000