
000000000000000000000000000000000000000000000000000000000000
000000000000000000000000000000000000000000000000000000000000
000000000000000000000000000000000000000000000000000000000000
000000000000000000000000000000000000000000000000000000000000
000000000000000000000000000000000000000000000000000000000000
000000000000000000000000000000000000000000000000000000000000
000000000000000000000000001222230000000000000000000000000000
0000000000000000000000000111111111590000000000000000000000000000
000000000000000000000000078888900000000000000000000000000000
000000000000000000000000000000000000000000000000000000000000
000000000000000000000000000000000000000012300000000000000000
00000000000000000000000000000000000000011111600000000000000000
00000000000000000010000000000000000000041111600000000000000000
000000000000000001112300000000000000000111115900000000000000000
000000000000000011111111130000000013000000411116000000000000000000
000000000000000111111111111122300000753000011111116000000000000000000
00000000000000111111111111111111111300000460001111111116000000000000000000
00000000000000411111158888889000007822211111111116000000000000000000
0000000000000041111590000000000000078511111111116000000000000000000
000000000000004115900000000000000000788851111300000000000000000
0000000000000111590000000000000000000000755900000000000000000
0000000000000411600000000000000000000000046000000000000000000
0000000000012115900000000000130000000000079000000000000000000
0000000000041111600000000001211113000000000000000001230000000000
000000000007511112301230001111111115300000000000000011111113000000000
000000000000411111111211111122211111158900000000000000011111111111300000000
0000000000004111111111111111111111111589000010000000000004111111115900000000
00000000000041111111111111111111158900000001230000000004111111116000000000
00000000000111111111111111111158900000000785113000000004111111115300000000
000000000011111111111111111111160000000000004116000000004111111116000000000
0000000000488888511111111530000000000041160000000111111111116000000000
000000000070000075111111600000130000041160000001111111111159000000000
000000000000000007511111130001511230004116000001111111115890000000000
0000000000000000004111159000041111601211116000007511589000000000000
0000000000000000004111160000075111121111115900000078900000000000000
00000000000000000111115900000041111111111116000000000000000000000000
0000000000000000111115900000007511111111115300000000000000000000000
00000000000000011111116000000000411111111116000000000000000000000000
00000000000000111115890000000004111111111111300000000000000000000000
000000000000004111160000000000111115851111600000000000000000000000
000000000000007559000000000111589041111530000000000000000000000
0000000000000004900000000011159000785600000000000000000000000
00000000000000070000000001111160000004600000000000000000000000
000000000000000000000000078890000015900000000000000000000000
000000000000000000000000000000000046000000000000000000000000
0000000000000000000000000001222222115300000000000000000000000
0000000000000000000000000004111111111111116000000000000000000000000
00000000000000000000000000151111111111589000000000000000000000000
000000000000000000000000000788588900000000000000000000000000
000000000000000000000000000000700000000000000000000000000000
000000000000000000000000000000000000000000000000000000000000