
000000000000000000000000000000000000000000000000000000000000
000000000000000000000000000000000000000000000000000000000000
000000000000000000000000000000000000000000000000000000000000
000000000000000000000000000000000000000000000000000000000000
000000000000000000000000000000000000000000000000000000000000
000000000000000000000000000000000000000000000000000000000000
0000000000000000000000000000000112000000000000000000000000000
000000000000000000000000100000009000000000000000000000000000
0000000000000000000000121130000000000000000000000000000000000
00000000000000000000121111590000000000000000000000000000000000
000000000000000000011111115900000000000000012300000000000000000
0000000000000000012111158900000000000000011111600000000000000000
0000000000000000041158900000000000000000411111130000000000000000
000000000000000125890000000000000000001511111160000000000000000
00000000000000041160000000000001230000004111111113000000000000000
000000000000001589000000001222111111230000411111159000000000000000
0000000000000111600000000011111111111111111112300411111160000000000000000
00000000000004890000000525111158511111111111122111111590000000000000000
00000000000016000000000004115907511111111111111111111600000000000000000
00000000000111600000000530756000488888511111111600000000000000000
00000000000411600000005500041123070000075111111600000000000000000
000000000011111600000016000041111600000000751111600000000000000000
0000000000411116000001590000411116000000000755900000000000000000
00000000004111111300011160000041159000000000046000000000000000000
00000000007511111122211590000111590000000000079000001000000000000
000000000004111111111111590000045900000000000000000078900000000000
00000000000751111111159000012116000000001000000000000000000000000
00000000000075111111600000411116000000004230000000000000000000000
00000000000004111159000121111111130000000411112300000000000000000000
00000000000007886000041111111111600000004111111600000000000000000000
00000000000000009012211111111111111230000041111111123012230000000000000
000000000000000000411111111111111111111113000041111111111112111111112300000000000
0000000000000000007511588851111111111301211115888851111111111530000000000
0000000000000000000459000411111111111121111589000075111158900000000000
00000000000000000007900004115885111111590000000411590000000000000
0000000000000000000000000759007511590000000045900000000000000
0000000000000100000000000070000459000000001116000000000000000
00000000000004300000000010000004600000000111116000000000000000
0000000000000460000000004300001116000000004111111300000000000000
0000000000000753000000121111300111590000000078511600000000000000
000000000000004600000041111111122111160000000000078890000000000000
0000000000000075300001115888511111160000000000000000000000000000
00000000000000070000158900075111160000000000000000000000000000
0000000000000000000108900000041111113000000000000000000000000000
0000000000000000000700000000411111111223000000000000000000000000
00000000000000000000000000011111111111111111300000000000000000000000
00000000000000000000000000111111111111111115900000000000000000000000
000000000000000000000000007888888889000000000000000000000000
000000000000000000000000000000000000000000000000000000000000
000000000000000000000000000000000000000000000000000000000000
000000000000000000000000000000000000000000000000000000000000