
000000000000000000000000000000000000000000000000000000000000
000000000000000000000000000000000000000000000000000000000000
000000000000000000000000000000000000000000000000000000000000
000000000000000000000000000000000000000000000000000000000000
000000000000000000000000000000000000000000000000000000000000
000000000000000000000000000000000000000000000000000000000000
000000000000000000000000000012223000000000000000000000000000
000000000000000000000000122211111158222300000000000000000000000
00000000000000000000001211111111115890707523000000000000000000000
000000000000000000000111111111115890000007511230000000000000000000
000000000000000000101111111115890000000004111153000000000000000000
00000000000000000111211115889000000000004111160000000000000000000
0000000000000000041111115900000000000000411590000000000000000000
0000000000000000041111590000000000000011111600000000000000000000
000000000000000004115900000000000001211115900000000000000000000
0000000000000000045900000000000001111111116000000000000000000000
00000000000000001590000000000000041111111111230000000000000000000
000000000000000046000000000000000751111111111113000000000000000000
000000000000000111600000000000000007851111111111300000000000000000
0000000000000004111130000000130000000078511115900000000000000000
0000000000000004111111300000041130000000007889000000000000000000
00000000000000041111111123000041160000000000000000000000000000000
00000000000001211111111111160001111160000000000000000000000000000000
000000000000111111111111111116000411590000000000000000000000000000000
0000000000011111111111111111116000411600000000000000000001000000000000
00000000000411115858511116000459000000000000000000152120000000000
000000000004115907078511301116000000010000000000007090000000000
00000000001115900000075112111160000001113000000000000000000000000
0000000000459000000007511111160000004116000000000000000000000000
000000000111600000000007511111130000041111300000000000000000000000
00000000045900000000000751111113000111115900000000001000000000000
0000000007600000000000007511111122211111160000000001211230000000000
00000000009000000000000004111111111111111159000000012111111590000000000
0000000000000000000130000751111111111111160000000151111115900000000000
0000000000000000001116000007585111111590000000078589000000000000
00000000000000000041153000007078511600000000000700000000000000
000000000000000000411600000000004111130000000000000000000000000
00000000000000000111590000000000751160000000000000000000000000
000000000000000004116000000000000411112300000000000000000000000
0000000000000001211590000000000007511111130000000000000000000000
00000000000000041159000000130000004111111113000000000000000000000
0000000000000015590000000790000007851159000000000000000000000
000000000000000790000000000000000007890000000000000000000000
000000000000000000000000000000000000000000000000000000000000
000000000000000000000000000000000000000000000000000000000000
000000000000000000000000000000000000000000000000000000000000
000000000000000000000000000001000000000000000000000000000000
000000000000000000000000000015223000000000000000000000000000
000000000000000000000000000007589000000000000000000000000000
000000000000000000000000000000700000000000000000000000000000
000000000000000000000000000000000000000000000000000000000000