
000000000000000000000000000000000000000000000000000000000000
000000000000000000000000000000000000000000000000000000000000
000000000000000000000000000000000000000000000000000000000000
000000000000000000000000000000000000000000000000000000000000
000000000000000000000000000000000000000000000000000000000000
000000000000000000000000000000000000000000000000000000000000
000000000000000000000000000000000000000000000000000000000000
000000000000000000000000123000000000000000000000000000000000
0000000000000000000000015116000000000000000000000000000000000
000000000000000000000000789000000000000000000000000000000000
000000000000000000000000000000000000000000000000000000000000
000000000000000000000000000000000000000013000000000000000000
000000000000000001230000000000000000001259000000000000000000
0000000000000000007530000000000010001211590000000000000000000
0000000000000000000753000000000111222111111600000000000000000000
0000000000000000000075300000000411111111111111600000000000000000000
000000000000000000000753000000078511111111111130000000000000000000
000000000000012300000075300000000788511111160000000000000000000
00000000000004111123000007523000000000751111113000000000000000000
000000000000111111111113000007560000000000785116000000000000000000
00000000000041111111111113000004113000000000004116000000130000000000
000000000000411115851111300004116000000000007560000011160000000000
0000000000011158904111111300111116000000000000460000041160000000000
000000000004116000751111112211111160000000000004600001511113000000000
0000000000041111300041111111111111159000000000000790000041159000000000
00000000001111111601211111111111111116000000000000000000007890000000000
0000000000411111111211111111111111111159000000122230300000000000000000000
00000000015111111111111115888858900000121111111152500000000000000000000
00000000004585111111116000070000001115888890000000000000000000000
0000000001116078511116000000000011159000000000001230000000000000
00000000045900075116000000000111590000000000011111113000000000000
000000000760000075113000000011159000000000001511111111300000000000
000000000043000007511300000111590000000000000411111111600000000000
00000000007600000075113000111116000000000000007511115900000000000
000000000009000000075112221111590000000000000007589000000000000
000000000000000000007851111115900000000000000000700000000000000
00000000000000000000007511116000000013000000000000000000000000
00000000000000000000000751160000001116000000000000000000000000
000000000000000000000000751130000111116000000000000000000000000
0000000000000001300000000411112222111159000000000000000000000000
000000000000001590000000075111111111111590000000000000000000000000
00000000000000070000000000751111111111600000000000000000000000000
00000000000000000000000000075111158900000000000000000000000000
0000000000000000000000000000751160000000000000000000000000000
00000000000000000000000000000411113000000000000000000000000000
0000000000000000000000000000075116000000000000000000000000000
000000000000000000000000000000785223000000000000000000000000
000000000000000000000000000000007889000000000000000000000000
000000000000000000000000000000000000000000000000000000000000
000000000000000000000000000000000000000000000000000000000000
000000000000000000000000000000000000000000000000000000000000