
000000000000000000000000000000000000000000000000000000000000
000000000000000000000000000000000000000000000000000000000000
000000000000000000000000000000000000000000000000000000000000
000000000000000000000000000000000000000000000000000000000000
000000000000000000000000000000000000000000000000000000000000
000000000000000000000000000000100000000000000000000000000000
0000000000000000000000000012221123000000000000000000000000000
00000000000000000000000012111111111159000000000000000000000000000
00000000000000000000000111111111115890000000000000000000000000000
000000000000000000000011111115889000000000000000000000000000000
00000000000000000000004111159000000000000001300000000000000000
000000000000000000000111115900000000000000111600000000000000000
00000000000000000000041159000000000000001115900000000000000000
0000000000000000000121111600000000000000111116000000000000000000
000000000000000000041111116000000000100011111116000000000000000000
00000000000000000011111111160000000015222111111116000000000000000000
0000000000000000011111111111113000000004111111111111116000000000000000000
00000000000000000458851111600000000751111111111116000000000000000000
0000000000000000789007511112300000007511111111116000000000000000000
00000000000000000000004111111600000000788511116000000000000000000
00000000000000000000004111111112300000000075116000000000000000000
00000000001230000000004111111111160000000000756000000000000000000
00000000004111123000000041111111111113000000000079000000000000000000
0000000001511111160000000411111111111111300000000000000001223000000000
000000000041111111130000004111158511111130000000000000011111116000000000
00000000007511111160000004111160751111113000000000000041111115300000000
00000000000751111113000004111160041111111130000000000015111159000000000
000000000000751111600000411111122851111111123000000000045890000000000
000000000000075111130000411111111604111111111111230000000046000000000000
000000000000007511600007511111111211111111111111590000000045300000000000
00000000000000078900000411111111111111111111115900000000046000000000000
00000000000000000000000751111111111111111115900000000011111300000000000
00000000000000000000000075111111111111111160000000001111111600000000000
0000000000000000000000000751111111111111160000000015111111530000000000
000000000000000000000000007511111111111160000000007888900000000000
000000000000013000000000000751111111111113000000000000000000000000
0000000000000782301000000000785111111116000000000000000000000000
0000000000000007821123000000000785111111300000000000000000000000
0000000000000000041111530000000000751111600000000000000000000000
0000000000000000075590000000000007851130000000000000000000000
0000000000000000007900000000000000041160000000000000000000000
0000000000000000000000000000000000075112222230000000000000000
00000000000000000000000000000000000041111588890000000000000000
0000000000000000000000000000000000004115900000000000000000000
000000000000000000000000000000000000459000000000000000000000
000000000000000000000000000000000001590000000000000000000000
000000000000000000000000000001222225900000000000000000000000
000000000000000000000000000015111111589000000000000000000000000
000000000000000000000000000007588900000000000000000000000000
000000000000000000000000000000700000000000000000000000000000
000000000000000000000000000000000000000000000000000000000000