
000000000000000000000000000000000000000000000000000000000000
000000000000000000000000000000000000000000000000000000000000
000000000000000000000000000000000000000000000000000000000000
000000000000000000000000000000000000000000000000000000000000
000000000000000000000000000000000000000000000000000000000000
000000000000000000000000000000100000000000000000000000000000
0000000000000000000000000012221123000000000000000000000000000
0000000000000000000000000111111111590000000000000000000000000000
00000000000000000000000007511115900000000000000000000000000000
000000000000000000000000007859000000000000000000000000000000
000000000000000000000000000070000000000000000000000000000000
000000000000000000000000000000000000000001300000000000000000
00000000000000000001300000000000000000001111130000000000000000
0000000000000000001590000000000000000001111111113000000000000000
0000000000000000121160000000000000122222111111111111300000000000000
000000000000000111115900000000000004111111111111111111115900000000000000
000000000000001111159000000000000015111111111111111111116000000000000000
00000000000001111111600000053000000075851111111111589000000000000000
0000000000001111158900000750000000007078511115900000000000000000
000000000001111159000000000000000000000041159000000000000000000
0000000000041159000000000000000000000007890000000000000000000
0000000000111590000000000000000000000000000000000100000000000
0000000000459000000000000001300000000000000000121130000000000
000000000046000000001000001111130000000000000001111111113000000000
0000000000490000000111222221111590000000000000121158856000000000
000000000040000000041111111111111111600000000000000411590078900000000
0000000000400000000751111111111115900000000000001511600000000000000
00000000016000000000751111111159000000001000000411600000000000000
0000000004600000000007511111160000000011130000075600000000000000
00000000046000000000007511111130000000411600000041130000000000000
00000000075300000000000751111600000004111130000041160100000000000
000000000046000000000000785113000000411116000004111121130000000000
000000000075300000000000004116000000411116000004111111590000000000
00000000000411300013000000075113000011111590000151158900000000000
00000000000751122211113000000041111300111111160000004590000000000000
00000000000075111111111160000001111111112211115890000078900000000000000
0000000000000751111111111300000411111111111111116000000000000000000000000
000000000000004111111111160000041111111111111159000000123000000000000000
000000000000004111111115900001111158851111600000004116000000000000000
000000000000004111111590000041111600785113000012111111230000000000000
000000000000007511590000004111160000789000788888890000000000000
0000000000000004590000000785113000000000000000000000000000000
00000000000000079000000000041111300000000000000000000000000000
0000000000000000000000000007851130000000000000000000000000000
00000000000000000000100000000411113000000000000000000000000000
0000000000000000000059000000078511223000000000000000000000000
00000000000000000000000000000007511115300000000000000000000000
000000000000000000000000000000007859000000000000000000000000
000000000000000000000000000000000070000000000000000000000000
000000000000000000000000000000000000000000000000000000000000
000000000000000000000000000000000000000000000000000000000000