
000000000000000000000000000000000000000000000000000000000000
000000000000000000000000000000000000000000000000000000000000
000000000000000000000000000000000000000000000000000000000000
000000000000000000000000000000000000000000000000000000000000
000000000000000000000000000000000000000000000000000000000000
000000000000000000000000000000000000000000000000000000000000
000000000000000000000000000000000000000000000000000000000000
000000000000000000000000000122222300000000000000000000000000
00000000000000000000000000151111111111600000000000000000000000000
0000000000000000000000000004111111115900000000000000000000000000
000000000000000000000000000751111116000000000000000000000000000
000000000000000000000000000075111111300000000000000000000000000
0000000000000000000100000000078511600000001230000000000000000
00000000000000000005120000000000751130000000782300000000000000
0000000000000000000090000000000075113000000007000000000000000
00000000000000000000000000000000041111230000000000000000000000
0000000000000000000000000010000004111111113000000000000000000000
00000000000000100000000001113000007511111111300000000000000000000
0000000000000111230000000111116000000788851122300000000000000000
00000000000004111111300000041111600000000007511111130000000000000000
00000000000011111111111300001111111530000000000411111160000000000000000
0000000000011111111111111130011111111160000000000075111160000000000000000
00000000000411588511111122111111111153000000000004111160000000000000000
000000000011159007511111111111111111160000000000007511113000000000000000
000000000045900004111111111111111111113000000000000751111300000000000000
00000000007900000411111111111111111159000000000000075111123000000000000
0000000000000000111111111588888900000000000000075111111300000000000
00000000000000004111111590000000000000013000000751111530000000000
0000000000000001111111590000000000000007600000007511600000000000
0000000000000007558900000000000000000430000000411530000000000
0000000000000000790000000000000000000460000000411600000000000
000000000000000000000000000000000000041130000004111130000000000
000000000000000000000000000001300000041160000004111160000000000
00000000000000000000000000012111123000111115300000411590000000000
0000000000000000000000000078885116000458900000078900000000000
0000000000000123000000012300007511222890000000000000000000000
000000000000075112222222589000004111160000000000000000000000000
000000000000004111111111111111160000000411590000000000000000000000000
0000000000000041111111111111159000000045900000000000000000000000000
0000000000000075111158511600000001116000000000000000000000000000
00000000000000041159078530000011159000000000000000000000000000
00000000000000078900004600001111160000000000000000000000000000
0000000000000000000001511301211111160000000000000000000000000000
00000000000000000000004115288851160000130000000000000000000000
00000000000000000000007890000411600011153000000000000000000000
000000000000000000000000000007511222111160000000000000000000000
0000000000000000000000000000004111111115890000000000000000000000
0000000000000000000000000000011158889000000000000000000000000
000000000000000000000000000007890000000000000000000000000000
000000000000000000000000000000000000000000000000000000000000
000000000000000000000000000000000000000000000000000000000000