
000000000000000000000000000000000000000000000000000000000000
000000000000000000000000000000000000000000000000000000000000
000000000000000000000000000000000000000000000000000000000000
000000000000000000000000000000000000000000000000000000000000
000000000000000000000000000000000000000000000000000000000000
000000000000000000000000000000000000000000000000000000000000
000000000000000000000000000122223000000000000000000000000000
000000000000000000000000122588888900000000000000000000000000
0000000000000000000000121158900000000000000000000000000000000
0000000000000000000001115890000000000000000000000000000000000
000000000000000000000459000000000000000000000000000000000000
000000000000000000001590000000000000000000000000000000000000
000000000000000000015900000000000000000000130000000000000000
000000000000000000159000000000000000000012590000000000000000
00000000000000000111600000000000000122222115900000000000000000
0000000000000000111590000000000001211111111111159000000000000000000
00000000000000011159000000001222211111111111111590000000000000000000
00000000000000111116000000012115888888511115900000000000000000000
000000000000011158900000011111590000007859000000000000000000000
0000000000001111160000000041111600000000070000000000000000000000
0000000000011111590000000041111600000000000000000000000000000000
00000000000411116000000000411111130000000000000000000000000000000
00000000001111111600000000111111111113000000000000000003000000000000
00000000004111111113000000111111111111111300000000001222226000000000000
00000000007851111112222221111111111111111113000000000078511116000000000000
000000000000785111111111111111111111111111111111130000000000075116000000000000
0000000000000041111111111111111115888851111113000000000004116000000000000
00000000000000411111111588889000075111111230000000004116000000000000
00000000000000411115890000000000411111111113000000004116000000000000
00000000000001111111600000000000041111111111113000000111116000000000000
000000000000111111159000000000001115888511600000111111111300000000000
00000000000111111159000000000001111160004116000011111111111600000000000
0000000000111111111600000000000111115900041111230111111111115900000000000
0000000000751111116000000000011111116000041111111128585889000000000000
0000000000075111160000000000411115900007558890707000000000000000
0000000000007851130000000007589000000790000000000000000000000
000000000000007853000000000700000000000000000000000000000000
0000000000000000411300000000000000000000000000000000000000000
00000000000000004111130000000000000000000000000000000000000000
00000000000000007511112300000000000000010300000000000000000000
0000000000000000075111111230000000000012112600000000000000000000
00000000000000000075111111113000000000075115900000000000000000000
000000000000000000041111115900000000000789000000000000000000000
0000000000000000000751159000000000000000000000000000000000000
000000000000000000004890000000000000000000000000000000000000
000000000000000000007000000001230000000000000000000000000000
000000000000000000000000000011111112300000000000000000000000000
00000000000000000000000000015111158600000000000000000000000000
000000000000000000000000000078890900000000000000000000000000
000000000000000000000000000000000000000000000000000000000000
000000000000000000000000000000000000000000000000000000000000