
000000000000000000000000000000000000000000000000000000000000
000000000000000000000000000000000000000000000000000000000000
000000000000000000000000000000000000000000000000000000000000
000000000000000000000000000000000000000000000000000000000000
000000000000000000000000000000000000000000000000000000000000
000000000000000000000000000000000000000000000000000000000000
000000000000000000000000001222230000000000000000000000000000
00000000000000000000000012111111111153000000000000000000000000000
00000000000000000000001285111111111160000000000000000000000000000
0000000000000000000012116078511111160000000130000000000000000000
00000000000000000012115890007511116000000111112300000000000000000
000000000000000001111159000000751160000004111111600000000000000000
0000000000000000045890000000075113000004111111600000000000000000
0000000000000000079000000000007511300011111115900000000000000000
00000000000000000000000000000007511222111111116000000000000000000
00000000000000000000000000000000411111111111111116000000000000000000
0000000000000000000000000000000075111111111111116000000000000000000
0000000000000000000000122300000004111111111111116000000000000000000
0000000000000000000001111160000000078511111111116000000000000000000
00000000000005500000041111113000000000788511116000000000000000000
0000000000000000000015111111600000000000078511300001230000000000
000000000000000000000785111130000000000000411113001111153000000000
00000000000000000000000785112300000000000751111221111590000000000
00000000000000000000000004111111230000000000751111588900000000000
000000000012230000000000111111111111123000000000758900000000000000
000000000075111123000000004111111111111116000000000070000000000000000
0000000000075111111300000011111115888511230000000000000000000000000
00000000000041111111130000111111159000751160000000000000000000000000
000000000000411111159000041111116000007852300000000000000000000000
00000000000111111159000007511116000000078900000000000000000000000
000000000004115890000000751111300000000000000000122300000000000
00000000001115900000000007511113000000000000001211115900000000000
0000000000756000000000000751111230000000000015111159000000000000
00000000000460000000000000785111123000000000075890000000000000
000000000007900000000000000075111111300000000007000000000000000
00000000000000000000000000000785111130000000000000000000000000
000000000000000000000000000000041111113000000000000000000000000
00000000000000000123000000000007511116000000000000000000000000
000000000000000121111113000000000004111111300000000000000000000000
0000000000000011158851130000000012111111111130000000000000000000000
00000000000000789007511300000121111111111111153000000050000000000000
00000000000000000000411112222258888888590000000000000000000000
000000000000000000004111111588890000000700000000000000000000000
00000000000000000000411115900000000000000000000000000000000000
000000000000000000015589000000000000000000000000000000000000
000000000000000000007900000000000000000000000000000000000000
000000000000000000000000000001230000000000000000000000000000
000000000000000000000000000011111112300000000000000000000000000
000000000000000000000000000078588900000000000000000000000000
000000000000000000000000000000700000000000000000000000000000
000000000000000000000000000000000000000000000000000000000000