
000000000000000000000000000000000000000000000000000000000000
000000000000000000000000000000000000000000000000000000000000
000000000000000000000000000000000000000000000000000000000000
000000000000000000000000000000000000000000000000000000000000
000000000000000000000000000000000000000000000000000000000000
000000000000000000000000000000000000000000000000000000000000
000000000000000000000000000001000000000000000000000000000000
0000000000000000000000000001211223000000000000000000000000000
00000000000000000000000000041111111111230000000000000000000000000
00000000000000000000000000111115888900000000000000000000000000
000000000000000000000000007589000000000001300000000000000000
000000000000000000000000000700000000000015600000000000000000
0000000000000000001300000000000000000000041123000000000000000
000000000000000012116000000000000000000000411116000000000000000
000000000000000041159000000000000000000000751111300000000000000
0000000000000012111160000000000000001300000041111600000000000000
0000000000000111111159000000000000001511230000458900000000000000
0000000000000411115900000012300000004111160000460000000000000000
000000000000075590000012111111300000075111123011160000000000000000
0000000000000049000001111111111160000000751111112111160000000000000000
0000000000000160000004115851160000000075111111111160000000000000000
00000000000000430000158904111130000000078511111160000000000000000
000000000000016000004600075111130000000007851160000000000000000
000000000000111113000159000041111113000000000075113000000000000000
00000000000111111160125900000411111111300000000007511222223000000000
000000000011111111111211116000000411111111113000000000078888888900000000
00000000011111111111111111590000004111111111111300000000000000000000000000
0000000015588511111111600000004588511111130000000000000000000000000
0000000007900751111590000001590078511113000000000000000000000000
000000000000007859000000046000004111111230000000000000000000000
00000000000000007000000004600001111111111160000000000000000000000
000000000000000000000000075300041111111111113000000000550000000000
000000000010000000000000000411222111111111111116000013000000000000000
00000000005000000000000000751111111111588559000046000000000000000
00000000000000000000100000041111111111600460000075300000000000000
00000000000000000001113000007851111111122590000007900000000000000
0000000000000000001111160000000751111111111600000000000000000000000
0000000000000000004111111300000007511111111530000000000000000000000
00000000000000001211111111600000000411111111600000000000000000000000
000000000000000111111111111111300000004111111111130000000000000000000000
000000000000000788885111160000001111111111111113000000000000000000000
00000000000000000000751111222222111111585856000000000000000000000
00000000000000000000041111115885111158907079000000000000000000000
000000000000000000000411115900751160000000000000000000000000000
000000000000000000000755900007590000000000000000000000000000
000000000000000000000079000000400000000000000000000000000000
0000000000000000000000000000005120000000000000000000000000000
000000000000000000000000000000090000000000000000000000000000
000000000000000000000000000000000000000000000000000000000000
000000000000000000000000000000000000000000000000000000000000
000000000000000000000000000000000000000000000000000000000000