
000000000000000000000000000000000000000000000000000000000000
000000000000000000000000000000000000000000000000000000000000
000000000000000000000000000000000000000000000000000000000000
000000000000000000000000000000000000000000000000000000000000
000000000000000000000000000000000000000000000000000000000000
000000000000000000000000000000000000000000000000000000000000
000000000000000000000000000000005000000000000000000000000000
000000000000000000000000000000000000100000000000000000000000
000000000000000000000000000000000001523000000000000000000000
0000000000000000000000000000000000007511230000000000000000000
000000000000000000000000000000000000041111113000000000000000000
0000000000000000013000000000000000000411111111300000000000000000
000000000000000011153000000000000000004111111111130000000000000000
0000000000000000411600000000001000000041111111111112300000000000000
000000000000000111590000000012112300001111111111111115900000000000000
00000000000000111590000000004111111600011111111111111159000000000000000
0000000000000111116000000001211585822211111111111111590000000000000000
0000000000000411116000000121111116070788888511115900000000000000000
0000000000001511111130000041111115900000000075116000000000000000000
0000000000000751111112222211111111600000000000459000000000000000000
0000000000000078511111111111111111111600000000000460000000000000000000
0000000000000000751111111111111111111130000000000753000001000000000000
00000000000000000411111111111111111111113000000000070000015230000000000
000000000000000004111111111111111111111111300000000000000007560000000000
0000000000000000041111111111111111111111111130000000000000000789000000000
000000000000000011111111111111111115851111113000000000000000000000000000
00000000000000011158511111111115907851111230000000000000000000000000
000000000000001115907851111590000411111160000000000130000000000000
0000000000122211590000788900000411111111300000000111112300000000000
0000000001511115890000000000000041158511300000004111111600000000000
00000000004115900000000000000011159075600000004111111530000000000
000000000155900000000000000011111600041130000004111111600000000000
0000000000460000000000000001111111112221111600000041158900000000000
000000000079000000000000000411111111111111115900000041160000000000000
00000000000000000000500000151111111111111111600000004890000000000000
0000000000000000000000000007885111111115900000016000000000000000
000000000000000000000000000000411111111600000011111300000000000000
000000000000000000000000000000411111111600000041111600000000000000
0000000000000010000000000000000411111111600000151111600000000000000
0000000000000050000000000000011111111111600000075111130000000000000
000000000000000000000122222221111111111116000000078590000000000000
000000000000000000001111111111111111111588889000000000700000000000000
0000000000000000000111115888511115900000000000000000000000000000
00000000000000000004589000411116000000000000000000000000000000
0000000000000000000790000075116000000000000000000000000000000
000000000000000000000000000459000010000000000000000000000000
0000000000000000000000000011160000152300000000000000000000000
000000000000000000000000007890000078900000000000000000000000
000000000000000000000000000000000000000000000000000000000000
000000000000000000000000000000000000000000000000000000000000
000000000000000000000000000000000000000000000000000000000000