
000000000000000000000000000000000000000000000000000000000000
000000000000000000000000000000000000000000000000000000000000
000000000000000000000000000000000000000000000000000000000000
000000000000000000000000000000000000000000000000000000000000
000000000000000000000000000000000000000000000000000000000000
000000000000000000000000000000000000000000000000000000000000
000000000000000000000000000000001000000000000000000000000000
000000000000000000000000100000005900000000000000000000000000
0000000000000000000000121123000000000000000000000000000000000
00000000000000000000011111111111300000000000000000000000000000000
000000000000000000001111158889000000000001120000000000000000000
00000000000000000001111159000000000000000040000000000000000000
00000000000000000011111590000000000000000160000000000000000000
00000000000000000111115900000000000000000460000000000000000000
00000000000000000411590000000000000000011160000000000000000000
0000000000000000111590000000000000000011111113000000000000000000
0000000000000000459000000000000000122111111116000000000000000000
00000000000000015900000000000000011111111111111111300000000000000000
000000000000000490000001230000000785111111111111600000000000000000
000000000000001600000121111112300000007885111111600000000000000000
0000000000000046000004115851160000000000751111600000000000000000
000000000000004600012589041111300000000007511600000000000000000
0000000000000111600041160007511600000000000751130000000000000000
0000000000000411112221111600004111130000000000075112223000000000000
00000000000011111111111111111113001111111113000000000007511111111230000000000
0000000000004111111111111111111112211111158600000000000078558900000000000
00000000000075111158851111111111588909000000000000007900521200000000
00000000000004111160041111115890000000010000000000000000900000000
00000000000007511601111111116000000005252300000000000007000000000
000000000000007852111111115900000000004111130000000000000000000000
00000000000000007511111111600000000000751160000000122230000000000
0000000000130000075111111600000100000041160000012111111590000000000
00000000007600000075111160000153000004590000151111115900000000000
00000000000430000004111160000041130001116000000751159000000000000
0000000000076000000755900000751123045900000007890000000000000
00000000000051200000079000000041111112116000000000000000000000000
0000000000000400000000000000075111111115300000000000000000000000
0000000000000430000000000000004111111116000000000000000000000000
00000000000004113000000000000007511111111230000000000000000000000
00000000000007511300000000000000785111111112222222300000000000000
000000000000007590000001300000000788855888888530000000000000
0000000000000007000001211530000000000079000000700000000000000
00000000000000000000041111600000000000000000000000000000000000
000000000000000000007858900000000000000000000000000000000000
000000000000000000000070000000000000000000000000000000000000
000000000000000000000000000000000000000000000000000000000000
000000000000000000000000000012222222300000000000000000000000
000000000000000000000000000151111115888900000000000000000000000
000000000000000000000000000078589000000000000000000000000000
000000000000000000000000000000700000000000000000000000000000
000000000000000000000000000000000000000000000000000000000000