
000000000000000000000000000000000000000000000000000000000000
000000000000000000000000000000000000000000000000000000000000
000000000000000000000000000000000000000000000000000000000000
000000000000000000000000000000000000000000000000000000000000
000000000000000000000000000000000000000000000000000000000000
000000000000000000000000000000000000000000000000000000000000
000000000000000000000000000010300000000000000000000000000000
0000000000000000000000000122112600000000000000000000000000000
0000000000000000000000001111111115900000000000000000000000000000
00000000000000000000000078511116000000000000000000000000000000
000000000000000000000000007889000000052500000000000000000000
000000000000000000100000000000000000160000000000000000000000
00000000000000000111300000000000130121160000550000000000000000
0000000000000000041111300000000011111211111160000000000000000000000
00000000000000001111111113000000004111111111111113000000000000000000000
000000000000000041111111111300000007511111111111111300000000000000000000
000000000000000075111111111130000000751111111111111130000000000000000000
00000000000000000411111111111130000000785111111111160000000000000000000
000000000000000007851111111111300000000785115890000000000000000000
0000000000000000000785111111113000000000789000000000000000000000
0000000000013000000004111111116000000000000000000012300000000000
00000000001111130000000751111116000000000000000000111111130000000000
00000000004111160000000041111590000000000000000121111111160000000000
0000000000751111300000004111160000000000000000151111111111113000000000
000000000007511113000000411590000000000000000041111115856000000000
00000000000041111113000007890000000000000000007511116078900000000
0000000000004111111600000000000000001300000000041159000000000000
0000000000004111111113000000000000000753000000007560000000000000
0000000000011111111111600000000000000004113000000004113000000000000
0000000000158585116000000000000000075112300000041111230000000000
00000000007907078530000001223000000411116000000411111160000000000
000000000000000007530000041111113000004111153000004115890000000000
00000000000000000075300121111111111300004111160000004116000000000000
0000000000000000000753048511111111113001111159000001589000000000000
00000000000000000000452507885111111221111590000004600000000000000
000000000000000000007900000041111111111115900000058900000000000000
000000000000000000000000000078511111159000000160000000000000000
000000000000000000000000000000411111160000001590000000000000000
0000000000000000000000000000007851160000007900000000000000000
000000000000000123000012300000007890000000000000000000000000
00000000000000155900011111600000000000000000000000000000000000
0000000000000007900121158900000000000000000000000000000000000
000000000000000000007890005223000000000000000000000000000000
0000000000000000000000000000411300000000000000000000000000000
000000000000000000000000000078530000000000000000000000000000
0000000000000000000000000000004113000000000000000000000000000
0000000000000000000000000000007511222300000000000000000000000
0000000000000000000000000000000751158900000000000000000000000
000000000000000000000000000000007890000000000000000000000000
000000000000000000000000000000000000000000000000000000000000
000000000000000000000000000000000000000000000000000000000000