
000000000000000000000000000000000000000000000000000000000000
000000000000000000000000000000000000000000000000000000000000
000000000000000000000000000000000000000000000000000000000000
000000000000000000000000000000000000000000000000000000000000
000000000000000000000000000000000000000000000000000000000000
000000000000000000000000000000000000000000000000000000000000
000000000000000000000000001222230000000000000000000000000000
00000000000000000000000012111111111160000000000000000000000000000
000000000000000000000000785111111590000000000000000000000000000
00000000000000000000000000751111600000000000000000000000000000
0000000000000000000000000007851130000000001300000000000000000
000000000000000013000000000004116000000001111130000000000000000
0000000000000001111123000000000785300000004111160000000000000000
000000000000001088851130000000000411300000155890000000000000000
0000000000000040007511300000000075600000079000000000000000000
00000000000000500004111123000000007523000000000000000000000000
00000000000000000004111111113000000004116000000000000000000000000
000000000000000000111585116000000007511230000000000000000000000
0000000000000000011159075113000000004111160000000000000000000000
000000000000000011111600041111300000078511112300000000000000000000
0000000000000001111111113011111116000000007888522300000000000000000
000000000000001111111111111211111111530000000000075111130000000000000000
0000000000122258585111111111158900000000000007511113000000000000000
00000000011111589070411111111590000000000000000751111300123000000000
0000000007559000007511111160000000000000000007511112211116000000000
000000000079000000041111116000000000000000000041111111111115300000000
000000000000000000111111111113000000000000000000751111111159000000000
000000000000000001111111111111112223000123000000000411115890000000000
0000000000000001211111158511111111590528511230000000411116000000000000
0000000000000121111115890751111590000041111113000000411116000000000000
0000000000012588511600007889000000785111130000041159000000000000
00000000001589007560000000000000000411590000041160000000000000
0000000000790000075300000000000000041160000004590000000000000
0000000000000000007530000000000000041160000004600000000000000
0000000000000000000753000000000000111590000007900000000000000
00000000000000000000760000000122221111600000000000000000000000
000000000000000000000900000015111111111111600000000000000000000000
00000000000000050000000000000751111111111600000000000000000000000
0000000000000000000000000000007511111111600000000000000000000000
000000000000000000000000000000078511111130000000000000000000000
0000000000000000000000000000000004111111113000000000000000000000
000000000000000000000000000000000785111111300000000000000000000
0000000000000000000000000000000000041158900000000000000000000
000000000000000000000000012300000007890000000000000000000000
000000000000000000000001289000000000000000000000000000000000
0000000000000000000000108900000000000000000000000000000000000
000000000000000000000070000000001230000000000000000000000000
0000000000000000000000000000001211590000000000000000000000000
000000000000000000000000000001588900000000000000000000000000
000000000000000000000000000000700000000000000000000000000000
000000000000000000000000000000000000000000000000000000000000