
000000000000000000000000000000000000000000000000000000000000
000000000000000000000000000000000000000000000000000000000000
000000000000000000000000000000000000000000000000000000000000
000000000000000000000000000000000000000000000000000000000000
000000000000000000000000000000000000000000000000000000000000
000000000000000000000000000000000000000000000000000000000000
000000000000000000000000000010123000000000000000000000000000
000000000000000000000000001282890000000000000000000000000000
000000000000000000000000007900000000000000000000000000000000
000000000000000000000000000000000000000000000000000000000000
000000000000000000000000000000000000000000000000000000000000
000000000000000000000000000000000000000000000000000000000000
000000000000000000101000000000000000000000000000000000000000
0000000000000000004211300000000000012300000000000000000000000
0000000000000000007851130000000001211111123000000000000000000000
000000000000000000007560000000004111111111111300000000000000000000
00000000000000000000041123000000151111111111111130000000000000000000
00000000000000013000041111113000000758585111160000000000000000000
000000000000012111123011111111160000000707041111113000000000000000000
0000000000001111111111111211111111111130000000000785116000000000000000000
0000000000011111111111111111111111111111113000000000004116000000000000000000
00000000000411111111111111111111588511600000000000756000001230000000000
0000000000075111111111111111159007511223000000000411300011111113000000000
0000000000007851111111111116000041111111130000000075112221111111111300000000
00000000000000411111111111111300111111111111130000000075111111111111115900000000
0000000000000078885111111112211588851111300000000751111115859000000000
0000000000000000007851111115890007511113000000004111159070000000000
0000000000130000000041111590000007511600000000411590000000000000
000000000111113000000155890000000075113000000078900000000000000
00000000075115300000046000000000007511300000000000000000000000
000000000041160000001116000000000000411600000000000000000000000
0000000000751130000041160000000000004115300000000001000000000000
0000000000075600000411112300000000011111600000000000500000000000
000000000000460000075111111230000000458900000000000000000000000
00000000000075300000751159000000011160000000000000000000000000
000000000000046000000789000000004590000000000000000000000000
00000000000004113000000000000000111600000000123000000000000000
00000000000004116000000000000000411113000001211115300000000000000
000000000000075600000000000000041111601012111111116000000000000000
0000000000000041130000000000000075111121125888858900000000000000
0000000000000075600000001300000078511589000070000000000000000
000000000000000490000012590000000078900000000000000000000000
000000000000000700000045900000000000000000000000000000000000
000000000000000000001289000000000000000000000000000000000000
000000000000000000007900000000000000000000000000000000000000
000000000000000000000000000013000000000000000000000000000000
0000000000000000000000000001511222222300000000000000000000000
000000000000000000000000000075858588900000000000000000000000
000000000000000000000000000007070700000000000000000000000000
000000000000000000000000000000000000000000000000000000000000
000000000000000000000000000000000000000000000000000000000000