
000000000000000000000000000000000000000000000000000000000000
000000000000000000000000000000000000000000000000000000000000
000000000000000000000000000000000000000000000000000000000000
000000000000000000000000000000000000000000000000000000000000
000000000000000000000000000000000000000000000000000000000000
000000000000000000000000000000000000000000000000000000000000
000000000000000000000000001223000000000000000000000000000000
0000000000000000000000000111589000000000000000000000000000000
000000000000000000000000078900000000000000000000000000000000
000000000000000000000000000000000000001230000000000000000000
00000000000000000000000000000000000000411112300000000000000000
0000000000000000000000000000000000000041111111130000000000000000
0000000000000000010000000000000000000041111111160000000000000000
0000000000000001211223000000000001000004588890000000000000000
00000000000000111111111590000000000111230058900000000000000000000
000000000000015858890000000000151111112250000000000000000000000
0000000000000490700000000000000411589000000000000000000000000
0000000000001050000000000000000078900000000000000000000000000
000000000000700000000000000000000000000000000000000000000000
000000000000000000000000013000000000000010000000000000000000
000000000000000000000000046000000000000153000000100000000000
00000000000000000001000011160000000000007900000011130000000000
000000000013000001211222211111130000000000000000001111160000000000
0000000000411300011111111111111111111160000000000000000004111160000000000
0000000000411112221111111111111111111159000000000000000000411590000000000
00000000004111111111158851111111111590000000000000000000411600000000000
0000000000411111111590075111111590000012300000000000045900000000000
00000000004111111590000411111160000011160000000000001116000000000000
00000000004111159000004111159000011159000000000001111111300000000000
00000000011111590000004586000011159000001000001111111111130000000000
0000000007511600000011160522221159000001112222288888560000000000
000000000041160000004590075111159000000411111158900000790000000000
0000000000756000001560000411590000001111111590000000000000000000
000000000004113000004600007890000000411115900000000000000000000
00000000000756000004600000000000001111159000000000000000000000
00000000000041130000460000000000000411590000000000000000000000
000000000000756000041130000000000121111600000000000000000000000
00000000000004600004590000000001111111111130001223000000000000000
00000000000007530015900000000011111111111111122211111111300000000000000
00000000000000411228900000000011111111158888888885600000000000000
00000000000000755900000000000411115890000000007900000000000000
0000000000000004900000000000041159000000000000000000000000000
000000000000000700000000000004590000000000000000000000000000
0000000000000000000000000000111600000000000000000000000000000
00000000000000000000000000011111530000000000000000000000000000
000000000000000000000000001111111600000000000000000000000000000
000000000000000000000000004111111530000000000000000000000000000
000000000000000000000000007585900000000000000000000000000000
000000000000000000000000000707000000000000000000000000000000
000000000000000000000000000000000000000000000000000000000000
000000000000000000000000000000000000000000000000000000000000