
000000000000000000000000000000000000000000000000000000000000
000000000000000000000000000000000000000000000000000000000000
000000000000000000000000000000000000000000000000000000000000
000000000000000000000000000000000000000000000000000000000000
000000000000000000000000000000000000000000000000000000000000
000000000000000000000000000000000000000000000000000000000000
000000000000000000000000001230000000000000000000000000000000
000000000000000000000000528900000000000000000000000000000000
000000000000000000000000000000000000000000000000000000000000
000000000000000000000000000000000000000000000000000000000000
000000000000000000000000000000000000000000000000000000000000
000000000000000000000000000000000000000000000000000000000000
000000000000000000130000000000000000001300000000000000000000
0000000000000000007530000000000000000111600000000000000000000
00000000000000000007600000000000122221111530000000000000000000
0000000000000000000090100000000004111111111111600000000000000000000
0000000000000000000000400000000041111111111111130000000000000000000
000000000000000000000111230000000785111111111160000000000000000000
00000000000000010000111111111230000000785111111113000000000000000000
000000000000001112222111158856000000000751111116000000000000000000
000000000000015111111111111590075300000000075111111300000000000000000
00000000000000411111111111160000460000000000751111600000130000000000
000000000000004111111111111600004113000000000075116000004113000000000
0000000000000041111111111111130011159000000000004116000015116000000000
00000000000001111111111111111111221111600000000000075900000755300000000
000000000000041111111111111111111111115900000000000004000000079000000000
00000000000011111115888511111111116000000012230305000000000000000000
00000000000111111111600075111111116000000111111152500000000000000000000
00000000000411111111600007851111600000111115890000000000000000000000
00000000001111158511300000785113000111589000000000000000000000000
00000000004589075600000007511222115900000000012230000000000000
0000000001560000752300000041111111159000000000111111153000000000000
00000000004113000075600000075111159000000000075111160000000000000
00000000007560000075230000041159000000000000411590000000000000
00000000000460000007560101211116000000000000075600000000000000
000000000007890000007821121111589000000000000004900000000000000
000000000000000000000075111111600000000000000004000000000000000
000000000000000000000007511111130000000000000016000000000000000
000000000000000000000000751111600000000000122116000000000000000
00000000000000000000000007511113010101012258559000000000000000
00000000000000000000000000751111211211211289070790000000000000000
00000000000000005000000000075111111111158900000000000000000000000
00000000000000000000000000007511115890000000000000000000000000
00000000000000000000000000000411116000000000000000000000000000
00000000000000000000000000000411116000000000000000000000000000
00000000000000000000000000000751111300000000000000000000000000
000000000000000000000000000000411111123000000000000000000000000
000000000000000000000000000000785859000000000000000000000000
000000000000000000000000000000007070000000000000000000000000
000000000000000000000000000000000000000000000000000000000000
000000000000000000000000000000000000000000000000000000000000