
000000000000000000000000000000000000000000000000000000000000
000000000000000000000000000000000000000000000000000000000000
000000000000000000000000000000000000000000000000000000000000
000000000000000000000000000000000000000000000000000000000000
000000000000000000000000000000000000000000000000000000000000
000000000000000000000000000000000000000000000000000000000000
000000000000000000000000000030000000000000000000000000000000
000000000000000000000000122260000001300000000000000000000000
00000000000000000000001211115890000007823000000000000000000000
00000000000000000000004115890000000000411300000000000000000000
0000000000000000000001589000000000000751130000000000000000000
00000000000000000000049000000000000000411113000000000000000000
0000000000000000000126000000000000000111111111300000000000000000
0000000000000000000411600000000000000111111111111130000000000000000
00000000000000000121111600000000001222115885111160000000000000000
000000000000000104111111600000000015111158900751160000000000000000
00000000000001211211111111600000000007889000004590000000000000000
000000000000111111111111111111130000000000000000004600000000000000000
00000000000041111111111111111590000000000000000004600000000000000000
00000000000151111111111111111600001300000000000004600000000000000000
000000000000788885111159000046000000000000111600000000000000000
0000000000000000041111600001590000000000004111130000100000000000
0000000000000000041111113001116000000000000075111122221123000000000
000000000000000004111111112211590000000000000041111111111111159000000000
000000000000001221111111111111111600000001300000075111111115890000000000
0000000000001211115885111111115900000121111300000075111159000000000000
000000000001111111590075111159000000411111160000000411590000000000000
0000000000111111111600004115900000011111111160000000411600000000000000
00000000007888560000459000000041111111160000000411600000000000000
00000000000000760000460000000111111111111130000004111130000000000000
00000000000000043000490000001111111111111111130000041111113000000000000
00000000000000049000700000011111111111111111111130000411111111300000000000
0000000000000010500000000012111111111111111111115900004111158900000000000
00000000000000400000000015111111111111111111589000004111160000000000000
0000000000000105000000000078888888889000000045890000000000000
000000000000070000000000000000000000000000046000000000000000
000000000000000000000000000000000000000000046000000000000000
000000000000000000000000000000000000000000046000000000000000
0000000000000000001300000000000000000000000411300000000000000
000000000000000012111122300000000000000000000751130000000000000
0000000000000001111111111111112300000000122230000007890000000000000
000000000000001511111111111111590000000151111590000000000000000000000
000000000000000785111111589000000000785600000000000000000000000
0000000000000000075115900000000000004600000000000000000000000
0000000000000000007890000000000000111600000000000000000000000
0000000000000000000000000000000000411600000000000000000000000
0000000000000000000000000000122222115900000000000000000000000
000000000000000000000000000111111158589000000000000000000000000
000000000000000000000000000788890700000000000000000000000000
000000000000000000000000000000000000000000000000000000000000
000000000000000000000000000000000000000000000000000000000000