
000000000000000000000000000000000000000000000000000000000000
000000000000000000000000000000000000000000000000000000000000
000000000000000000000000000000000000000000000000000000000000
000000000000000000000000000000000000000000000000000000000000
000000000000000000000000000000000000000000000000000000000000
000000000000000000000000000000000000000000000000000000000000
000000000000000000000000001222223000000000000000000000000000
0000000000000000000000001211588888900000000000000000000000000
0000000000000000000000121158900000000000000000000000000000000
000000000000000000000078890000000000000010000000000000000000
0000000000000000000000000000000000000001113000000000000000000
000000000000000000000000000000000000001111111300000000000000000
0000000000000000000000000000000000000041111111130000000000000000
00000000000000000000000000000000000000411115860000000000000000
00000000000000000000000000000000000012111159090000000000000000
00000000000000000000000000000000122211115890000000000000000000
00000000000001230000000000000000751111589000000000000000000000
00000000000004111130000000013000000788900000000000000000000000
000000000000151111530000001116000000000000000000000000000000000
000000000000041111600000011159000000000000000000000000000000000
000000000000111115900000111590000000000000000000000000000000000
000000000000411116000000411600000000000000000000000000000000000
000000000001558900000158900000000000000001000000000000000000
0000000000004600000004600000000000000000111222222230000000000
0000000000011160000001111130000123000000000751111111111111153000000000
0000000000111116000000751160012111111230000000078511111111590000000000
000000000041111600000004111122111111111111112300000000785115900000000000
000000000041111600000007511111111588851111113000000000756000000000000
0000000000411116000000004111111116000411111111300000000076000000000000
000000000041111600000007851111116000411111111600000000004300000000000
0000000000411116000000000751111600111111111111130000000007530000000000
00000000004111160000003000751111221111111111111160000000000789000000000
000000000075116000001600004111111111111111111111160000000000000000000000
000000000004116000004113000411111111111111111111590000000000000000000000
00000000000756000007511222111111588511111111600000001000000000000000
000000000000411300000411111111111159007511115900000005900000000000000
0000000000007511300011111111111111160000411116000000000000000000000000
00000000000007511230458888511600011111116000000000000000000000000
00000000000000751111289000075600041111116000000000000000000000000
000000000000000758900000004112228511116000000000000000000000000
000000000000000070000000004111160078511300013000000000000000000
000000000000000000000000007511530004111122259000000000000000000
00000000000000000000000000075600007851111590000000000000000000
000000000000000000000000000075300000758900000000000000000000
000000000000000000000000000004600000070000000000000000000000
0000000000000000000000000000041130000000000000000000000000000
00000000000000000000000000001111160000000000000000000000000000
000000000000000000000000000045890000000000000000000000000000
000000000000000000000000000079000000000000000000000000000000
000000000000000000000000000000000000000000000000000000000000
000000000000000000000000000000000000000000000000000000000000