
000000000000000000000000000000000000000000000000000000000000
000000000000000000000000000000000000000000000000000000000000
000000000000000000000000000000000000000000000000000000000000
000000000000000000000000000000000000000000000000000000000000
000000000000000000000000000000000000000000000000000000000000
000000000000000000000000000000300000000000000000000000000000
000000000000000000000000000012500000000000000000000000000000
000000000000000000000000122259000000000000000000000000000000
0000000000000000000000011111111160000000000000000000000000000000
000000000000000000000125888560000000000000000000000000000000
000000000000000000000489000753000000000053000000000000000000
000000000000000000122600000075300000001250000000000000000000
0000000000000000011158900000007530000125900000000000000000000
00000000000000001111160000000000411222211116000000000000000000000
000000000000000045890000000000751111111111116000000000000000000000
0000000000000000760000000000000411111111111111300000000000000000000
000000000000000009000000000000078888511111130000000000000000000
0000000000000000000000001300000000004111111113000000000000000000
0000000000000000000000007600000000007511111111300000000000000000
0000000000000000000000000430000000000411111111600000000000000000
000000000000000000000000046000000000075111111600000000000000000
000000000012300000000000041130000000000785111130000130000000000
00000000004111130000122300045900000000000078511222211113000000000
000000000075111130121111111122211600000000000000041111115851111300000000
00000000000411111121111111111111111115900000001000000075111160785600000000
00000000000751111111111111111111111116000000121130000000411590004600000000
0000000000004111111588851111115900001211111160000000411600004600000000
0000000000007858900075111160000045851111300000041111300111600000000
00000000000000700000041159000015907856000000411111122115900000000
0000000000000000000004590000079000041130000041111111111116000000000
00000000000000000000046000000000000411600000411111111589000000000
00000000000000000000159000000000000459000011111588900000000000
000000000000000000015900000000000004600000758900000000000000
0000000000001000001116000000000000004900000070000000000000000
0000000000004222221159000000000000016000000000000000000000000
0000000000004111111111111600000100000001116000000000000000000000000
000000000000751111111159000004230000111116000000000000000000000000
000000000000041111115900001211116010111111111300012300000000000000000
000000000000075589000004115890525111111111122288823000000000000000
0000000000000079000000111116000007851111111160000781200000000000000
00000000000000000000011158900000007511589000000900000000000000
00000000000000000000111116000000000078900000000000000000000000
0000000000000000000111589000000000000000000000000000000000000
000000000000000000048900000000000000000000000000000000000000
000000000000000000070000000013000000000000000000000000000000
00000000000000000000000000121111300000000000000000000000000000
00000000000000000000000001111158900000000000000000000000000000
000000000000000000000000078890000000000000000000000000000000
000000000000000000000000000000000000000000000000000000000000
000000000000000000000000000000000000000000000000000000000000
000000000000000000000000000000000000000000000000000000000000