
000000000000000000000000000000000000000000000000000000000000
000000000000000000000000000000000000000000000000000000000000
000000000000000000000000000000000000000000000000000000000000
000000000000000000000000000000000000000000000000000000000000
000000000000000000000000000000000000000000000000000000000000
000000000000000000000000000000100000000000000000000000000000
000000000000000000000000001222530000000000000000000000000000
000000000000000000000000007888900000000000000000000000000000
000000000000000000000000000000000000000000000000000000000000
000000000000000000000300000000000000001230000000000000000000
00000000000000000012250000000000000001111160000000000000000000
0000000000000000015900000000000000000411590000000000000000000
00000000000000001590000000000000000011111600000000000000000000
00000000000000004900000000000000010111115900000000000000000000
000000000000000160000000000000001112111159000000000000000000000
00000000000000111600000000000000151111111160000000000000000000000
000000000000011111600000001300000075111111113000000000000000000000
0000000000001111111600000011111300000078511116000000000000000000000
000000000000411111111300001111111600000000751111230000000000000000000
0000000000007888511222211111111600000000075111153000000000000000000
0000000000000000751111111111111111113000000000751160000000000000000000
00000000000000000411115885111111600000000007890000000130000000000
000000000000000004115900751111113000000000000000001211113000000000
0000000000000000041160000411111111300000000000000121111111111300000000
00000000000000001111111301211111111111130000000000000411115888900000000
0000000000000001111111111121111588885112300000000001111159000000000000
00000000000001258851111111159000041111112300000000411590000000000000
000000000001211590075111159000007511111153000000045900000000000000
0000000000111115900004115900000004115890000000159000000000000000
00000000015115900000789000000015116000000001590000000000000000
0000000000411600000000000000000489000000007900000000000000000
000000000075530000000000000000700000000000000000000000000000
000000000007600000000000000000000000000000000000000000000000
000000000000423000000000000000000000000000000000000000000000
000000000000756000001001300000000000000000000000000000000000
0000000000000411230125228600000000000000000010000000000000000
00000000000004111111211590009000000012300000012112300000000000000
000000000000075111158900000000001211111130000151111111130000000000000
000000000000004115900000010300041111111111230007511111160000000000000
0000000000000155900000004260121111111111111152500785590000000000000
00000000000000490000005251111211111111111111111160000007900000000000000
000000000000007000000000788511111158888890000000000000000000000
0000000000000000500000000007511590000000000000000000000000000
00000000000000000010300000000411600000000000000000000000000000
00000000000000000070000000004111130000000000000000000000000000
0000000000000000000000000001111111113000000000000000000000000000
00000000000000000000000000111111111115300000000000000000000000000
000000000000000000000000004888889000000000000000000000000000
000000000000000000000000007000000000000000000000000000000000
000000000000000000000000000000000000000000000000000000000000
000000000000000000000000000000000000000000000000000000000000