
000000000000000000000000000000000000000000000000000000000000
000000000000000000000000000000000000000000000000000000000000
000000000000000000000000000000000000000000000000000000000000
000000000000000000000000000000000000000000000000000000000000
000000000000000000000000000000000000000000000000000000000000
000000000000000000000000000000000000000000000000000000000000
000000000000000000000000000000123000000000000000000000000000
000000000000000000000000122222888225000000000000000000000000
000000000000000000000012111111589000005223000000000000000000000
0000000000000000000000078889000000007511300000000000000000000
0000000000000000000000000000000000000751130000000000000000000
00000000000000000100000000000000000000411113000000000000000000
0000000000000000111230000000000000000004111111300000000000000000
0000000000000000411111130000000000000000041111111123000000000000000
000000000000000075111111300000000000000004111111111111230000000000000
00000000000000000751111113000000000010012111111111158900000000000000
00000000000000000041111111130000000011122111111111111590000000000000000
000000000000000000411111111113000000075111111111111115900000000000000000
00000000000000000041158511113000000078511111111116000000000000000000
00000000000000000041160785112300000007851111116000000000000000000
0000000000000000004590007511600000000041111116000000000000000000
0000000000013000004600000411113000000007851111300000000000000000
000000000015112301211600000411116000000000041111600000000000000000
00000000000411111121111111123001111111600000000007851123012300000000000
00000000000411111111111111111111221111111111300000000000411111121111600000000000
000000000004111111111111115888885111159000000000007851111115900000000000
000000000004111111111111590000078890000000000000078559000000000000
000000000004111111111111600000000000000001300000000790000000000000
000000000004111111111111600000000000000004600000000000000000000000
00000000001111111111111111130000000000000004600000000000000000000000
0000000000411111111111111111123000000000000041130000000000000000000000
0000000000751111588511111111300000000000041160000000000123000000000
00000000000411116007851111113000000100011111600000001221160000000000
0000000000075590000411111111300012112221111590000001111111590000000000
0000000000007600000785111160121111111111111111600000007558900000000000
000000000000043000000751111211111111111111111111600000000790000000000000
000000000000075300000075111111111111111111111111600000000000000000000000
000000000000004113000000751111111111111111111111600000000000000000000000
00000000000000411113000000751158885111111111130000000000000000000000
000000000000004111160000000459000751111111160101230000000000000000
000000000000007559000000049000004111111111121125890000000000000000
00000000000000079000000004000000411115888889000000000000000000
00000000000000000000000010500000041159000000000000000000000000
0000000000000000000000004000000111590000000000000000000000000
00000000000000000000000750000011111600000000000000000000000000
000000000000000000000000000001111111600000000000000000000000000
00000000000000000000000000001111111111130000000000000000000000000
00000000000000000000000000004111111111160000000000000000000000000
000000000000000000000000000078888890000000000000000000000000
000000000000000000000000000000000000000000000000000000000000
000000000000000000000000000000000000000000000000000000000000