
000000000000000000000000000000000000000000000000000000000000
000000000000000000000000000000000000000000000000000000000000
000000000000000000000000000000000000000000000000000000000000
000000000000000000000000000000000000000000000000000000000000
000000000000000000000000000000000000000000000000000000000000
000000000000000000000000000000100000000000000000000000000000
0000000000000000000000000000121130000000000000000000000000000
0000000000000000000000001222115890000000000000000000000000000
000000000000000000000001558889000000000000000000000000000000
000000000000000000000000790000000000001230000000000000000000
000000000000000000000000000000000000011111113000000000000000000
0000000000000000000000000000000000000751159000000000000000000
000000000000000000000000000000000000007890000000000000000000
000000000000000000150000000000130000000000000000000000000000
000000000000000000043000000000460000000000000000000000000000
000000000000000000076000000052590000000000000000000000000000
000000000000000000004300000000700000000000000000000000000000
0000000000000000000041122222230000000000000000000000000000000
000000000000000000004111111111111600000000000010000000000000000000
0000000000000130000041158511116000000000012112300000000000000000
000000000000111600000411607856000000000041111111130000000000000000
00000000000111116000004590004600000000007851111112300000000000000
000000000011111116000004600011153000000000004111111111130000000000000
00000000004111111113000041123041160000000000007511111111113000000000000
0000000000411111111600004111111211590000000000000785111111113010000000000
0000000000751111115300041111111159000000000000000041111115905000000000
000000000007511116000075111111600000000123000000785116000000000000
0000000000007559000004111111600000012111111300000004116000000000000
00000000000007900000075111160000004111111116000000041111300000000000
0000000000000000000000751111230122111111111160000000411111130000000000
00000000000000000000000751111112111111111111115900000011111111160000000000
0000000000000000000000007511111158888859000000041158889000000000
0000000000000000000000000411589000007000000015890000000000000
000000000000000000000000078900000000000000079000000000000000
000000000000130000000000000000000000000000000000000000000000
0000000000004113000000000000000000000000000000000000000000000
0000000000007511300000000000000000000000000000000000000000000
00000000000004111122223000000000012300000000000000000000000000
0000000000000751111111111112300000000041123000010000000000000000000
0000000000000075111111111111112300000007511112222112300000000000000000
0000000000000007885111111115900000000788888888900000000000000000
000000000000000000751111116000000000000000000000000000000000000
0000000000000000000411589000000000000000000000000000000000000
000000000000000000075900000001000000000000000000000000000000
000000000000000000007000000004223000000000000000000000000000
00000000000000000000000000000751111223000000000000000000000000
0000000000000000000000000000007511111111300000000000000000000000
000000000000000000000000000000078558900000000000000000000000
000000000000000000000000000000000790000000000000000000000000
000000000000000000000000000000000000000000000000000000000000
000000000000000000000000000000000000000000000000000000000000