
000000000000000000000000000000000000000000000000000000000000
000000000000000000000000000000000000000000000000000000000000
000000000000000000000000000000000000000000000000000000000000
000000000000000000000000000000000000000000000000000000000000
000000000000000000000000000000000000000000000000000000000000
000000000000000000000000000000100000000000000000000000000000
000000000000000000000000001222530000000000000000000000000000
000000000000000000000000125888900000000000000000000000000000
000000000000000000000012589000000000000000000000000000000000
00000000000000000000121111600000000000000000000000000000000000
00000000000000000001111158900000000000000000000000000000000000
000000000000000000585890000000000000000000000000000000000000
000000000000000012507000000000000000000000000000000000000000
000000000000000159000000000000130000100000000000000000000000
00000000000000159000000000000041122221130000000000000000000000
00000000000001116000000000000004111111111111112300000000000000000000
000000000000045900000000000000785111111111111600000000000000000000
000000000000111600000001230000000788885111130000000000000000000
000000000000459000001211111123000000000078560000000000000000000
000000000001590000004111111111160000000000004113000000000000000000
0000000000046000000788851111113000000000007511300000000000000000
0000000000111600000000007511116000000000000751130000000000000000
000000000041160000000000041111113000000000000411112300000000000000
0000000000411112230000000041111590000000000007511111123000000000000
0000000000751111111130000001111159000100000000004111111116000000000000
00000000000411111111600000111115900004230000000075111159000000000000
00000000000751111116000004111160000111116000000000411590000000000000
00000000000075111160000151111600004111111300000000411600000000000000
0000000000000751160000041111113001111111111130000000411600000000000000
00000000000000756000007511111122115885116000000111111130003000000000
00000000000000075300000751111111159004111123000111111111112226000000000
00000000000000007600000075111111600041111111122211111111111111589000000000
000000000000000004300000075111111300411111111111111111158888900000000000
000000000000000004600000007511111122111111588885860000000000000000
0000000000000000041130000000751111111111115900007090000000000000000
0000000000000000045900000000751111111159000000000000000000000000
00000000000000000460000000000751111590000001030000000000000000
0000000000000000159000000000007511600000004260000000000000000
00000000000000125900000000000004590000001511112230000000000000
0000000000000155900000030000000790000000078511590000000000000
000000000000004900000126000000000000000000078900000000000000
0000000000000070000011159000000000000000000000000000000000000
0000000000000000500111590000000000000000000000000000000000000
0000000000000000001115900000000000000000000000000000000000000
000000000000000000789000000000000000000000000000000000000000
000000000000000000000000000123010123000000000000000000000000
000000000000000000000000001111111211211116000000000000000000000000
00000000000000000000000000751111111111589000000000000000000000000
000000000000000000000000000788888900000000000000000000000000
000000000000000000000000000000000000000000000000000000000000
000000000000000000000000000000000000000000000000000000000000